5 0.027188 0.269531 0.055000 0.542969
5 0.314063 0.496094 0.067500 0.996094
5 0.422500 0.275391 0.109375 0.554688
5 0.528437 0.281250 0.100000 0.566406
5 0.830938 0.333984 0.108750 0.671875
5 0.902500 0.091797 0.056875 0.187500
5 0.957187 0.353516 0.082500 0.570312
5 0.062500 0.412109 0.014375 0.531250
5 0.082813 0.341797 0.016250 0.382812
5 0.269375 0.337891 0.013125 0.273438
5 0.637187 0.453125 0.048750 0.496094
5 0.731562 0.349609 0.018750 0.281250
5 0.761875 0.431641 0.039375 0.312500
5 0.429375 0.669922 0.018125 0.171875
5 0.430313 0.869141 0.036250 0.171875
5 0.527188 0.845703 0.015000 0.101562
5 0.485000 0.882812 0.021875 0.152344
