5 0.261250 0.496094 0.008125 0.996094
5 0.422188 0.078125 0.008750 0.144531
5 0.595000 0.156250 0.004375 0.300781
5 0.096562 0.298828 0.008750 0.382812
5 0.109063 0.343750 0.008750 0.464844
5 0.590000 0.197266 0.003125 0.156250
5 0.046563 0.337891 0.007500 0.390625
5 0.067188 0.292969 0.006250 0.300781
5 0.083750 0.208984 0.003125 0.140625
5 0.129375 0.289062 0.004375 0.300781
5 0.079375 0.287109 0.005625 0.281250
5 0.022187 0.294922 0.008750 0.210938
5 0.115625 0.367188 0.004375 0.246094
5 0.028438 0.359375 0.002500 0.066406
5 0.118125 0.833984 0.004375 0.304688
1 0.363438 0.082031 0.052500 0.167969
1 0.372187 0.820312 0.062500 0.355469
