5 0.625625 0.099609 0.048125 0.187500
5 0.030313 0.136719 0.061250 0.230469
5 0.829687 0.177734 0.257500 0.242188
5 0.203438 0.316406 0.151250 0.402344
5 0.344063 0.279297 0.133750 0.281250
5 0.675937 0.347656 0.042500 0.292969
5 0.767812 0.355469 0.108750 0.152344
5 0.741875 0.708984 0.024375 0.578125
5 0.076563 0.757812 0.025000 0.472656
5 0.419062 0.759766 0.028750 0.476562
5 0.980313 0.791016 0.021250 0.414062
5 0.280625 0.796875 0.029375 0.402344
5 0.519375 0.798828 0.026875 0.398438
5 0.605937 0.816406 0.033750 0.363281
5 0.931875 0.851562 0.025625 0.292969
