5 0.609688 0.136719 0.012500 0.277344
5 0.655937 0.164062 0.035000 0.332031
5 0.753438 0.060547 0.017500 0.125000
5 0.585938 0.257812 0.010000 0.464844
5 0.937187 0.318359 0.016250 0.554688
5 0.880313 0.351562 0.007500 0.613281
5 0.548437 0.369141 0.006250 0.523438
5 0.966563 0.572266 0.008750 0.375000
5 0.159063 0.707031 0.007500 0.574219
5 0.761250 0.777344 0.020625 0.441406
1 0.756875 0.357422 0.094375 0.718750
1 0.663437 0.660156 0.096250 0.675781
1 0.599063 0.433594 0.020000 0.175781
1 0.611875 0.849609 0.039375 0.187500
