5 0.901563 0.732422 0.011250 0.437500
5 0.977813 0.769531 0.010000 0.425781
5 0.949063 0.785156 0.015000 0.425781
5 0.935625 0.771484 0.010625 0.304688
5 0.891563 0.810547 0.010000 0.304688
5 0.870625 0.833984 0.011875 0.328125
5 0.763438 0.841797 0.012500 0.312500
5 0.962188 0.804688 0.011250 0.230469
5 0.790313 0.859375 0.012500 0.246094
1 0.084375 0.029297 0.023125 0.062500
1 0.103750 0.302734 0.085625 0.281250
1 0.332500 0.351562 0.018125 0.199219
1 0.046875 0.679688 0.038125 0.410156
1 0.169062 0.750000 0.025000 0.160156
