5 0.695938 0.486328 0.011250 0.968750
5 0.908125 0.271484 0.009375 0.515625
5 0.081562 0.361328 0.003750 0.492188
5 0.384688 0.566406 0.013750 0.847656
5 0.937813 0.578125 0.008750 0.792969
5 0.489375 0.523438 0.005625 0.613281
5 0.086562 0.404297 0.003750 0.328125
5 0.173125 0.662109 0.004375 0.593750
5 0.232187 0.687500 0.003750 0.589844
5 0.312500 0.718750 0.005625 0.550781
5 0.323438 0.625000 0.005000 0.347656
5 0.072500 0.662109 0.005625 0.406250
5 0.217812 0.744141 0.005000 0.492188
5 0.222813 0.771484 0.003750 0.437500
5 0.433125 0.873047 0.009375 0.234375
5 0.423125 0.980469 0.000625 0.003906
1 0.891250 0.671875 0.036875 0.441406
1 0.890625 0.947266 0.011875 0.054688
