5 0.173125 0.257812 0.004375 0.503906
5 0.888125 0.416016 0.013125 0.812500
5 0.245625 0.345703 0.016875 0.664062
5 0.642187 0.046875 0.002500 0.058594
5 0.766563 0.101562 0.002500 0.175781
5 0.771875 0.208984 0.003125 0.382812
5 0.901250 0.419922 0.005625 0.804688
5 0.110937 0.332031 0.005000 0.613281
5 0.806875 0.238281 0.006875 0.425781
5 0.708750 0.277344 0.003125 0.308594
5 0.675000 0.435547 0.008125 0.351562
5 0.131250 0.767578 0.004375 0.414062
1 0.449062 0.496094 0.146250 0.996094
1 0.572187 0.316406 0.096250 0.628906
