5 0.163125 0.498047 0.051875 1.000000
5 0.224375 0.500000 0.054375 0.996094
5 0.473125 0.498047 0.021875 1.000000
5 0.562813 0.496094 0.015000 0.996094
5 0.072812 0.498047 0.015000 0.976562
5 0.588750 0.291016 0.016875 0.562500
5 0.353438 0.558594 0.028750 0.878906
5 0.052500 0.462891 0.011875 0.304688
5 0.014375 0.472656 0.015625 0.277344
5 0.313750 0.695312 0.015625 0.605469
5 0.507187 0.712891 0.013750 0.570312
5 0.294688 0.701172 0.012500 0.359375
5 0.640938 0.830078 0.011250 0.335938
5 0.052187 0.892578 0.011250 0.210938
5 0.015937 0.892578 0.008750 0.195312
