5 0.106250 0.189453 0.013125 0.382812
5 0.257187 0.197266 0.008750 0.390625
5 0.315625 0.333984 0.011875 0.671875
5 0.550937 0.498047 0.038750 1.000000
5 0.599063 0.257812 0.012500 0.511719
5 0.621562 0.113281 0.015000 0.230469
5 0.664688 0.146484 0.010000 0.296875
5 0.525312 0.341797 0.012500 0.664062
5 0.890938 0.304688 0.016250 0.597656
5 0.646250 0.302734 0.010625 0.492188
5 0.216250 0.306641 0.009375 0.257812
5 0.931250 0.562500 0.011875 0.457031
5 0.942813 0.513672 0.010000 0.351562
5 0.629687 0.580078 0.011250 0.476562
5 0.355000 0.802734 0.009375 0.390625
5 0.210938 0.722656 0.013750 0.207031
5 0.842500 0.869141 0.041875 0.257812
5 0.992188 0.949219 0.015000 0.097656
1 0.187500 0.880859 0.125625 0.234375
