5 0.946250 0.517578 0.029375 0.203125
5 0.774688 0.541016 0.026250 0.195312
5 0.660312 0.556641 0.013750 0.203125
5 0.576875 0.578125 0.018125 0.222656
5 0.848437 0.533203 0.018750 0.132812
5 0.502500 0.572266 0.013125 0.187500
5 0.718437 0.562500 0.015000 0.152344
5 0.896250 0.748047 0.040625 0.179688
5 0.983437 0.748047 0.017500 0.171875
5 0.764063 0.781250 0.035000 0.207031
5 0.850000 0.769531 0.011875 0.175781
5 0.543750 0.812500 0.035625 0.238281
5 0.716875 0.796875 0.024375 0.207031
5 0.449375 0.812500 0.043125 0.183594
