5 0.513125 0.498047 0.011875 0.976562
5 0.561562 0.201172 0.007500 0.335938
5 0.619062 0.322266 0.013750 0.375000
5 0.600312 0.363281 0.005000 0.292969
5 0.583438 0.376953 0.005000 0.195312
5 0.529688 0.695312 0.006250 0.496094
1 0.739375 0.093750 0.029375 0.183594
1 0.839688 0.431641 0.136250 0.851562
1 0.344687 0.179688 0.033750 0.113281
1 0.800313 0.300781 0.007500 0.121094
1 0.338125 0.363281 0.023125 0.160156
1 0.327812 0.605469 0.027500 0.417969
1 0.305937 0.728516 0.008750 0.070312
1 0.736562 0.746094 0.031250 0.066406
1 0.667813 0.810547 0.011250 0.054688
1 0.702187 0.830078 0.006250 0.023438
1 0.721875 0.910156 0.015625 0.074219
