5 0.179063 0.228516 0.030000 0.460938
5 0.405313 0.437500 0.057500 0.527344
5 0.266250 0.435547 0.029375 0.476562
5 0.485625 0.437500 0.040625 0.472656
5 0.702187 0.437500 0.037500 0.472656
5 0.825625 0.314453 0.026875 0.218750
5 0.626562 0.457031 0.026250 0.464844
5 0.065000 0.457031 0.076875 0.449219
5 0.910312 0.451172 0.031250 0.429688
5 0.008125 0.455078 0.016875 0.421875
5 0.232812 0.339844 0.027500 0.199219
5 0.757812 0.335938 0.017500 0.183594
5 0.127813 0.470703 0.017500 0.437500
5 0.856250 0.433594 0.013125 0.363281
5 0.516250 0.330078 0.011875 0.140625
5 0.803437 0.544922 0.026250 0.218750
5 0.536563 0.552734 0.038750 0.218750
