5 0.934375 0.521484 0.031875 0.226562
5 0.981562 0.537109 0.027500 0.226562
5 0.206250 0.582031 0.065625 0.277344
5 0.829375 0.558594 0.026875 0.230469
5 0.868750 0.560547 0.023125 0.234375
5 0.707500 0.566406 0.029375 0.230469
5 0.761563 0.570312 0.022500 0.222656
5 0.554062 0.568359 0.018750 0.203125
5 0.402187 0.615234 0.025000 0.281250
5 0.578438 0.587891 0.016250 0.218750
5 0.630000 0.570312 0.019375 0.191406
5 0.308125 0.619141 0.036875 0.250000
5 0.465313 0.595703 0.027500 0.210938
5 0.344063 0.597656 0.017500 0.175781
5 0.026875 0.640625 0.023125 0.199219
5 0.105312 0.634766 0.037500 0.195312
