5 0.238125 0.496094 0.035625 0.988281
5 0.041250 0.130859 0.014375 0.226562
5 0.628125 0.138672 0.009375 0.054688
5 0.622813 0.191406 0.008750 0.074219
5 0.063750 0.781250 0.039375 0.433594
5 0.490938 0.648438 0.010000 0.105469
5 0.513750 0.654297 0.008125 0.070312
5 0.540000 0.675781 0.008125 0.082031
5 0.560625 0.689453 0.009375 0.101562
5 0.085625 0.755859 0.003125 0.218750
5 0.580312 0.707031 0.007500 0.074219
5 0.593437 0.724609 0.012500 0.085938
5 0.629062 0.728516 0.007500 0.078125
5 0.665000 0.730469 0.006875 0.074219
5 0.648125 0.734375 0.009375 0.066406
5 0.456250 0.767578 0.044375 0.109375
5 0.491875 0.769531 0.003125 0.082031
5 0.511250 0.765625 0.003125 0.074219
5 0.518125 0.759766 0.009375 0.062500
1 0.815625 0.654297 0.124375 0.679688
