5 0.367813 0.500000 0.036250 0.996094
5 0.409375 0.498047 0.014375 1.000000
5 0.432500 0.201172 0.024375 0.406250
5 0.461875 0.255859 0.008125 0.515625
5 0.510625 0.500000 0.028125 0.996094
5 0.697812 0.214844 0.013750 0.433594
5 0.737813 0.339844 0.018750 0.683594
5 0.861562 0.457031 0.026250 0.917969
5 0.981250 0.503906 0.030625 0.988281
5 0.396250 0.556641 0.014375 0.882812
5 0.636563 0.726562 0.015000 0.542969
5 0.661563 0.724609 0.010000 0.546875
5 0.823750 0.771484 0.009375 0.445312
5 0.721563 0.787109 0.008750 0.414062
