5 0.308437 0.128906 0.005000 0.253906
5 0.786250 0.365234 0.004375 0.367188
5 0.307500 0.251953 0.003125 0.093750
5 0.825000 0.339844 0.016875 0.269531
5 0.356562 0.486328 0.021250 0.507812
5 0.850937 0.298828 0.003750 0.117188
5 0.316875 0.423828 0.043125 0.320312
5 0.341250 0.296875 0.006875 0.042969
5 0.293125 0.525391 0.008125 0.398438
5 0.161250 0.687500 0.005625 0.589844
5 0.575625 0.539062 0.001875 0.128906
5 0.265938 0.896484 0.005000 0.179688
1 0.665313 0.197266 0.063750 0.296875
1 0.679688 0.677734 0.130000 0.617188
