1 0.263750 0.496094 0.148125 0.988281
1 0.911250 0.087891 0.075625 0.171875
1 0.482500 0.119141 0.206875 0.218750
1 0.350937 0.457031 0.057500 0.847656
1 0.361875 0.113281 0.019375 0.152344
1 0.964375 0.519531 0.029375 0.871094
1 0.711563 0.207031 0.055000 0.207031
1 0.916250 0.261719 0.023125 0.144531
1 0.888750 0.308594 0.023125 0.214844
1 0.158125 0.435547 0.081875 0.375000
1 0.876875 0.724609 0.030625 0.437500
1 0.105938 0.812500 0.055000 0.355469
1 0.043125 0.929688 0.021875 0.128906
1 0.352500 0.923828 0.031875 0.109375
