5 0.280625 0.498047 0.079375 1.000000
5 0.350625 0.490234 0.035625 0.984375
5 0.384688 0.498047 0.017500 1.000000
5 0.700000 0.498047 0.019375 1.000000
5 0.805313 0.498047 0.016250 1.000000
5 0.402813 0.503906 0.011250 0.988281
5 0.572812 0.525391 0.015000 0.937500
5 0.832500 0.527344 0.024375 0.144531
5 0.913437 0.560547 0.022500 0.132812
5 0.879687 0.636719 0.023750 0.128906
5 0.827812 0.755859 0.023750 0.148438
5 0.911563 0.855469 0.023750 0.207031
5 0.850625 0.923828 0.039375 0.148438
5 0.881875 0.935547 0.016875 0.125000
