5 0.128438 0.498047 0.105000 1.000000
5 0.313437 0.185547 0.017500 0.375000
5 0.749687 0.373047 0.012500 0.750000
5 0.809375 0.197266 0.016875 0.375000
5 0.666562 0.162109 0.016250 0.289062
5 0.477500 0.519531 0.014375 0.449219
5 0.284375 0.460938 0.014375 0.199219
5 0.222500 0.517578 0.014375 0.296875
5 0.708125 0.599609 0.011875 0.359375
5 0.827187 0.605469 0.015000 0.316406
5 0.589063 0.554688 0.011250 0.136719
5 0.604375 0.625000 0.010625 0.246094
5 0.768125 0.693359 0.009375 0.281250
5 0.227187 0.880859 0.012500 0.234375
1 0.857813 0.689453 0.095000 0.617188
1 0.916875 0.599609 0.016875 0.179688
1 0.960312 0.732422 0.018750 0.109375
