5 0.457188 0.132812 0.081250 0.269531
5 0.643750 0.060547 0.033125 0.125000
5 0.854062 0.076172 0.036250 0.156250
5 0.396562 0.064453 0.027500 0.109375
5 0.318125 0.164062 0.019375 0.121094
5 0.310000 0.339844 0.025625 0.144531
5 0.324375 0.644531 0.034375 0.113281
5 0.860313 0.812500 0.121250 0.371094
5 0.417188 0.744141 0.036250 0.132812
5 0.316250 0.800781 0.056875 0.136719
5 0.599063 0.892578 0.030000 0.210938
5 0.664375 0.892578 0.046875 0.179688
5 0.431563 0.908203 0.063750 0.179688
5 0.319063 0.943359 0.050000 0.109375
5 0.494687 0.964844 0.037500 0.066406
